16
25
15 31 0.931 14 0.959 26 1.017 30 1.407 15 1.523 29 2.026 33 2.059 46 2.118 16 2.393 43 2.402 22 2.872 34 2.971 21 3.582 35 3.764 36 4.400 
21
15 36 0.819 22 0.865 35 1.183 16 1.189 34 1.528 33 1.804 15 2.058 43 2.599 14 3.057 31 3.540 25 3.582 46 4.196 30 4.550 26 4.599 29 5.498 
33
15 43 0.884 34 0.912 22 1.289 35 1.704 21 1.804 14 1.980 31 2.017 15 2.031 25 2.059 16 2.308 36 2.360 46 2.674 30 3.028 26 3.077 29 3.976 
22
15 21 0.865 35 0.892 16 1.019 34 1.102 33 1.289 15 1.348 36 1.529 43 2.173 14 2.347 31 2.830 25 2.872 46 3.582 30 3.840 26 3.889 29 4.788 
14
15 25 0.959 15 0.998 26 1.572 31 1.847 16 1.868 33 1.980 22 2.347 30 2.366 34 2.446 43 2.864 29 2.985 21 3.057 46 3.077 35 3.239 36 3.875 
15
15 16 0.870 14 0.998 22 1.348 25 1.523 34 1.845 33 2.031 21 2.058 35 2.240 31 2.264 26 2.541 36 2.877 30 2.877 43 2.915 29 3.496 46 3.589 
26
15 30 0.913 25 1.017 31 1.219 29 1.413 14 1.572 46 1.841 15 2.541 33 3.077 16 3.410 43 3.420 22 3.889 34 3.989 21 4.599 35 4.781 36 5.418 
30
15 26 0.913 46 0.928 29 0.948 31 1.010 25 1.407 14 2.366 15 2.877 33 3.028 16 3.361 43 3.371 22 3.840 34 3.940 21 4.550 35 4.732 36 5.369 
31
15 25 0.931 30 1.010 26 1.219 46 1.325 14 1.847 29 1.959 33 2.017 15 2.264 43 2.360 16 2.655 22 2.830 34 2.929 21 3.540 35 3.722 36 4.358 
35
15 34 0.800 22 0.892 36 0.902 21 1.183 43 1.505 33 1.704 16 1.775 15 2.240 14 3.239 31 3.722 25 3.764 46 4.378 30 4.732 26 4.781 29 5.680 
34
15 35 0.800 33 0.912 22 1.102 43 1.166 21 1.528 36 1.702 15 1.845 16 2.121 14 2.446 31 2.929 25 2.971 46 3.585 30 3.940 26 3.989 29 4.888 
43
15 33 0.884 34 1.166 35 1.505 22 2.173 36 2.175 31 2.360 25 2.402 21 2.599 14 2.864 15 2.915 46 3.016 16 3.191 30 3.371 26 3.420 29 4.319 
46
15 30 0.928 31 1.325 29 1.375 26 1.841 25 2.118 33 2.674 43 3.016 14 3.077 22 3.582 34 3.585 15 3.589 16 3.980 21 4.196 35 4.378 36 5.014 
29
15 30 0.948 46 1.375 26 1.413 31 1.959 25 2.026 14 2.985 15 3.496 33 3.976 16 4.310 43 4.319 22 4.788 34 4.888 21 5.498 35 5.680 36 6.317 
16
15 15 0.870 22 1.019 21 1.189 35 1.775 14 1.868 36 2.007 34 2.121 33 2.308 25 2.393 31 2.655 43 3.191 30 3.361 26 3.410 46 3.980 29 4.310 
36
15 21 0.819 35 0.902 22 1.529 34 1.702 16 2.007 43 2.175 33 2.360 15 2.877 14 3.875 31 4.358 25 4.400 46 5.014 30 5.369 26 5.418 29 6.317 
