49
0
48 1 1.147 10 1.383 11 1.432 12 2.014 9 2.206 2 2.239 27 2.597 13 2.663 8 2.961 3 2.994 26 3.134 28 3.179 4 3.200 14 3.292 29 3.438 7 3.554 25 3.671 15 3.855 6 3.898 30 3.903 5 3.968 48 4.070 24 4.174 16 4.296 47 4.316 31 4.364 17 4.583 23 4.620 18 4.703 46 4.729 32 4.797 22 4.972 45 5.124 33 5.185 21 5.219 20 5.351 44 5.490 34 5.502 19 5.528 35 5.739 43 5.810 36 5.890 37 5.945 42 6.069 41 6.256 40 6.372 39 6.435 38 6.837 
1
48 10 0.565 9 1.059 2 1.092 0 1.147 11 1.304 12 1.320 13 1.531 8 1.814 3 1.847 27 2.140 14 2.145 26 2.256 7 2.407 25 2.523 15 2.707 4 2.767 6 2.956 24 3.027 29 3.028 28 3.036 30 3.123 16 3.148 31 3.315 23 3.473 17 3.639 32 3.650 5 3.722 22 3.825 47 3.925 48 3.927 46 4.008 33 4.037 45 4.178 18 4.277 21 4.321 34 4.368 44 4.419 43 4.721 35 4.817 20 4.865 42 5.073 36 5.289 19 5.385 41 5.470 37 5.759 40 5.879 39 6.292 38 6.694 
2
48 9 0.285 8 0.780 10 0.856 13 0.871 12 0.880 3 1.010 1 1.092 11 1.224 14 1.247 27 1.479 7 1.501 26 1.596 15 1.749 25 1.835 4 2.107 24 2.192 0 2.239 6 2.295 16 2.342 29 2.368 28 2.376 30 2.462 23 2.634 31 2.655 32 2.938 17 2.979 5 3.062 22 3.128 47 3.265 48 3.267 33 3.296 46 3.348 45 3.518 18 3.616 21 3.661 34 3.708 44 3.758 43 4.061 35 4.157 20 4.205 42 4.413 36 4.629 19 4.724 41 4.810 37 5.099 40 5.219 39 5.632 38 6.034 
3
48 8 0.231 14 0.298 13 0.330 7 0.560 26 0.585 27 0.734 9 0.788 25 0.825 15 0.861 12 0.980 2 1.010 4 1.096 24 1.182 6 1.285 16 1.332 29 1.357 28 1.366 30 1.452 11 1.600 10 1.611 23 1.627 31 1.645 1 1.847 32 1.928 17 1.969 5 2.052 22 2.118 47 2.255 48 2.256 33 2.286 46 2.337 45 2.508 18 2.606 21 2.650 34 2.697 44 2.748 0 2.994 43 3.050 35 3.147 20 3.194 42 3.403 36 3.618 19 3.714 41 3.799 37 4.089 40 4.209 39 4.622 38 5.024 
4
48 29 0.261 28 0.358 26 0.511 25 0.613 27 0.627 6 0.698 30 0.703 7 0.804 14 0.860 15 0.862 5 0.955 24 0.974 16 1.095 3 1.096 47 1.158 48 1.160 31 1.163 13 1.236 8 1.327 17 1.382 23 1.420 12 1.447 18 1.510 46 1.528 32 1.596 22 1.772 11 1.806 9 1.883 45 1.923 33 1.984 21 2.019 2 2.107 20 2.151 10 2.202 44 2.289 34 2.301 35 2.539 43 2.609 19 2.618 36 2.689 1 2.767 42 2.868 37 2.993 41 3.056 40 3.171 0 3.200 39 3.525 38 3.927 
5
48 48 0.205 47 0.349 30 0.599 17 0.641 31 0.649 29 0.694 18 0.735 46 0.761 6 0.766 16 0.826 24 0.870 32 0.895 23 0.935 4 0.955 28 0.980 22 1.004 45 1.156 33 1.217 25 1.227 21 1.251 15 1.313 20 1.383 26 1.466 44 1.522 34 1.534 7 1.561 27 1.582 19 1.663 35 1.772 14 1.815 43 1.842 36 1.922 37 2.037 3 2.052 42 2.101 13 2.191 8 2.282 41 2.288 12 2.402 40 2.404 39 2.570 11 2.574 9 2.839 38 2.972 2 3.062 10 3.157 1 3.722 0 3.968 
6
48 30 0.167 24 0.350 16 0.397 25 0.460 29 0.460 31 0.465 15 0.546 17 0.684 4 0.698 23 0.722 26 0.764 5 0.766 7 0.794 32 0.898 28 0.910 47 0.970 48 0.971 14 1.048 46 1.052 22 1.074 45 1.225 3 1.285 33 1.286 27 1.301 18 1.321 21 1.365 13 1.425 8 1.516 44 1.591 34 1.603 35 1.862 12 1.885 20 1.909 43 1.911 9 2.072 42 2.170 2 2.295 36 2.333 19 2.429 11 2.504 41 2.514 10 2.516 37 2.804 40 2.924 1 2.956 39 3.337 38 3.739 0 3.898 
7
48 14 0.262 15 0.301 25 0.334 26 0.447 3 0.560 24 0.691 8 0.721 6 0.794 4 0.804 16 0.841 29 0.867 13 0.890 27 0.957 30 0.962 23 1.133 31 1.154 28 1.162 9 1.348 32 1.437 17 1.478 2 1.501 12 1.540 5 1.561 22 1.627 47 1.764 48 1.766 33 1.795 46 1.847 45 2.017 18 2.116 21 2.160 11 2.160 10 2.171 34 2.207 44 2.258 1 2.407 43 2.560 35 2.656 20 2.704 42 2.912 36 3.128 19 3.223 41 3.309 0 3.554 37 3.598 40 3.718 39 4.131 38 4.533 
8
48 3 0.231 13 0.337 14 0.467 7 0.721 9 0.755 2 0.780 26 0.816 27 0.941 12 0.948 15 0.969 25 1.056 4 1.327 24 1.412 6 1.516 16 1.562 11 1.567 10 1.578 29 1.588 28 1.596 30 1.683 1 1.814 23 1.854 31 1.876 32 2.159 17 2.199 5 2.282 22 2.348 47 2.485 48 2.487 33 2.516 46 2.568 45 2.739 18 2.837 21 2.881 34 2.928 0 2.961 44 2.979 43 3.281 35 3.377 20 3.425 42 3.634 36 3.849 19 3.945 41 4.030 37 4.320 40 4.440 39 4.852 38 5.254 
9
48 2 0.285 12 0.595 13 0.648 8 0.755 3 0.788 10 0.823 11 0.939 1 1.059 14 1.086 27 1.256 7 1.348 26 1.372 25 1.612 15 1.649 4 1.883 24 1.969 6 2.072 16 2.119 29 2.145 28 2.153 0 2.206 30 2.239 23 2.414 31 2.432 32 2.715 17 2.756 5 2.839 22 2.905 47 3.042 48 3.044 33 3.073 46 3.125 45 3.295 18 3.393 21 3.437 34 3.485 44 3.535 43 3.838 35 3.934 20 3.982 42 4.190 36 4.406 19 4.501 41 4.586 37 4.876 40 4.996 39 5.409 38 5.811 
10
48 1 0.565 11 0.745 12 0.755 9 0.823 2 0.856 13 1.281 0 1.383 27 1.575 8 1.578 3 1.611 26 1.751 14 1.910 7 2.171 4 2.202 25 2.288 29 2.463 28 2.471 15 2.472 6 2.516 30 2.558 24 2.791 16 2.913 31 2.981 5 3.157 17 3.200 23 3.238 47 3.361 48 3.362 32 3.414 46 3.443 22 3.589 18 3.712 45 3.741 33 3.802 21 3.837 44 4.107 34 4.119 20 4.300 35 4.357 43 4.427 42 4.686 36 4.724 19 4.820 41 4.905 37 5.195 40 5.315 39 5.727 38 6.129 
11
48 12 0.620 10 0.745 9 0.939 27 1.203 2 1.224 13 1.269 1 1.304 0 1.432 8 1.567 3 1.600 26 1.740 28 1.747 4 1.806 14 1.898 29 2.044 7 2.160 25 2.277 15 2.461 6 2.504 30 2.509 5 2.574 48 2.638 24 2.780 16 2.902 47 2.922 31 2.970 17 3.189 23 3.226 18 3.309 46 3.335 32 3.403 22 3.578 45 3.730 33 3.791 21 3.825 20 3.957 19 4.096 44 4.096 34 4.108 35 4.345 43 4.416 36 4.496 37 4.551 42 4.675 41 4.862 40 4.978 39 5.013 38 5.405 
12
48 9 0.595 11 0.620 13 0.650 10 0.755 27 0.820 2 0.880 8 0.948 3 0.980 26 1.120 14 1.279 1 1.320 4 1.447 7 1.540 25 1.657 29 1.708 28 1.716 15 1.841 6 1.885 30 1.890 0 2.014 24 2.160 16 2.282 31 2.350 5 2.402 17 2.569 47 2.605 23 2.607 48 2.607 46 2.715 32 2.783 18 2.957 22 2.958 45 3.110 33 3.171 21 3.206 44 3.476 34 3.488 20 3.545 35 3.726 43 3.796 36 3.969 42 4.055 19 4.065 41 4.242 37 4.439 40 4.559 39 4.972 38 5.374 
13
48 3 0.330 8 0.337 27 0.609 14 0.629 9 0.648 12 0.650 26 0.725 2 0.871 7 0.890 25 1.007 15 1.191 4 1.236 11 1.269 10 1.281 6 1.425 29 1.497 28 1.505 24 1.511 1 1.531 30 1.592 16 1.632 31 1.785 23 1.957 17 2.108 32 2.133 5 2.191 22 2.309 47 2.394 48 2.396 46 2.477 33 2.521 45 2.648 0 2.663 18 2.746 21 2.790 34 2.838 44 2.888 43 3.190 35 3.286 20 3.334 42 3.542 36 3.758 19 3.854 41 3.939 37 4.229 40 4.348 39 4.761 38 5.163 
14
48 7 0.262 3 0.298 26 0.452 8 0.467 15 0.562 25 0.588 13 0.629 27 0.763 4 0.860 24 0.945 6 1.048 9 1.086 16 1.095 29 1.121 28 1.167 30 1.216 2 1.247 12 1.279 23 1.387 31 1.408 32 1.691 17 1.732 5 1.815 22 1.881 11 1.898 10 1.910 47 2.018 48 2.020 33 2.049 46 2.101 1 2.145 45 2.271 18 2.370 21 2.414 34 2.461 44 2.512 43 2.814 35 2.910 20 2.958 42 3.166 0 3.292 36 3.382 19 3.478 41 3.563 37 3.852 40 3.972 39 4.385 38 4.787 
15
48 25 0.249 7 0.301 24 0.443 6 0.546 14 0.562 16 0.593 30 0.714 26 0.721 3 0.861 4 0.862 29 0.869 23 0.885 31 0.906 8 0.969 32 1.189 13 1.191 28 1.220 17 1.230 27 1.257 5 1.313 22 1.379 47 1.516 48 1.518 33 1.547 46 1.599 9 1.649 2 1.749 45 1.769 12 1.841 18 1.868 21 1.912 34 1.959 44 2.010 43 2.312 35 2.408 20 2.456 11 2.461 10 2.472 42 2.664 1 2.707 36 2.880 19 2.975 41 3.061 37 3.350 40 3.470 0 3.855 39 3.883 38 4.285 
16
48 24 0.150 31 0.313 23 0.325 6 0.397 30 0.471 15 0.593 32 0.596 25 0.625 17 0.637 22 0.786 5 0.826 7 0.841 29 0.858 47 0.923 33 0.954 48 0.999 46 1.006 14 1.095 4 1.095 26 1.162 45 1.176 18 1.275 28 1.307 21 1.319 3 1.332 34 1.366 44 1.417 8 1.562 13 1.632 27 1.698 43 1.719 35 1.815 20 1.863 42 2.071 9 2.119 12 2.282 36 2.287 2 2.342 19 2.382 41 2.468 37 2.757 40 2.877 11 2.902 10 2.913 1 3.148 39 3.290 38 3.692 0 4.296 
17
48 32 0.254 31 0.324 23 0.345 46 0.369 22 0.390 47 0.449 45 0.541 33 0.602 16 0.637 18 0.638 5 0.641 30 0.679 21 0.682 6 0.684 24 0.787 48 0.815 44 0.907 34 0.919 25 1.144 29 1.145 35 1.178 20 1.226 43 1.227 15 1.230 4 1.382 26 1.448 7 1.478 42 1.486 28 1.594 36 1.650 14 1.732 19 1.746 41 1.831 3 1.969 27 1.985 13 2.108 37 2.120 8 2.199 40 2.240 12 2.569 39 2.653 9 2.756 2 2.979 38 3.055 11 3.189 10 3.200 1 3.639 0 4.583 
18
48 46 0.269 47 0.386 45 0.514 21 0.530 22 0.598 17 0.638 20 0.649 32 0.678 33 0.725 5 0.735 48 0.795 44 0.802 34 0.842 31 0.961 23 0.983 35 1.037 43 1.107 19 1.108 30 1.154 36 1.187 29 1.265 16 1.275 6 1.321 42 1.366 24 1.424 37 1.483 4 1.510 41 1.553 40 1.669 28 1.715 25 1.781 15 1.868 39 2.015 26 2.021 7 2.116 27 2.137 14 2.370 38 2.417 3 2.606 13 2.746 8 2.837 12 2.957 11 3.309 9 3.393 2 3.616 10 3.712 1 4.277 0 4.703 
19
48 20 0.520 37 0.591 36 0.697 35 0.729 43 0.884 44 0.966 34 1.017 42 1.059 21 1.064 18 1.108 41 1.161 39 1.163 40 1.198 45 1.206 38 1.361 46 1.377 33 1.428 48 1.458 47 1.459 22 1.596 5 1.663 17 1.746 32 1.786 31 2.069 23 2.091 30 2.262 29 2.357 28 2.371 16 2.382 6 2.429 24 2.532 4 2.618 25 2.889 15 2.975 26 3.129 7 3.223 27 3.245 14 3.478 3 3.714 13 3.854 8 3.945 12 4.065 11 4.096 9 4.501 2 4.724 10 4.820 1 5.385 0 5.528 
20
48 44 0.446 34 0.497 35 0.505 19 0.520 36 0.539 21 0.544 18 0.649 43 0.660 45 0.686 42 0.836 46 0.857 37 0.895 33 0.909 41 0.938 40 1.020 47 1.035 22 1.077 17 1.226 32 1.267 5 1.383 39 1.427 48 1.443 31 1.549 23 1.571 30 1.742 38 1.829 16 1.863 6 1.909 29 1.913 24 2.013 4 2.151 28 2.363 25 2.370 15 2.456 26 2.609 7 2.704 27 2.754 14 2.958 3 3.194 13 3.334 8 3.425 12 3.545 11 3.957 9 3.982 2 4.205 10 4.300 1 4.865 0 5.351 
21
48 45 0.142 44 0.272 34 0.311 33 0.365 46 0.491 35 0.520 18 0.530 22 0.533 20 0.544 43 0.591 17 0.682 32 0.722 42 0.849 47 0.903 36 0.968 31 1.005 23 1.027 19 1.064 41 1.149 5 1.251 48 1.311 30 1.316 16 1.319 6 1.365 37 1.439 24 1.469 40 1.559 29 1.781 25 1.825 15 1.912 39 1.971 4 2.019 26 2.085 7 2.160 28 2.231 38 2.373 14 2.414 27 2.622 3 2.650 13 2.790 8 2.881 12 3.206 9 3.437 2 3.661 11 3.825 10 3.837 1 4.321 0 5.219 
22
48 32 0.190 33 0.212 17 0.390 45 0.390 46 0.409 23 0.494 21 0.533 34 0.580 18 0.598 31 0.608 44 0.630 47 0.764 16 0.786 43 0.933 24 0.936 5 1.004 35 1.029 30 1.069 6 1.074 20 1.077 48 1.130 42 1.285 25 1.302 15 1.379 36 1.501 29 1.534 19 1.596 7 1.627 41 1.682 4 1.772 26 1.838 14 1.881 37 1.971 28 1.984 40 2.091 3 2.118 13 2.309 8 2.348 27 2.375 39 2.504 9 2.905 38 2.906 12 2.958 2 3.128 11 3.578 10 3.589 1 3.825 0 4.972 
23
48 31 0.286 32 0.305 16 0.325 17 0.345 24 0.446 22 0.494 33 0.662 46 0.714 30 0.717 6 0.722 47 0.743 15 0.885 45 0.885 5 0.935 25 0.950 18 0.983 21 1.027 34 1.074 48 1.109 44 1.125 7 1.133 29 1.182 14 1.387 4 1.420 43 1.427 26 1.486 35 1.523 20 1.571 3 1.627 28 1.632 42 1.780 8 1.854 13 1.957 36 1.995 27 2.023 19 2.091 41 2.176 9 2.414 37 2.466 40 2.586 12 2.607 2 2.634 39 2.998 11 3.226 10 3.238 38 3.400 1 3.473 0 4.620 
24
48 16 0.150 6 0.350 15 0.443 23 0.446 31 0.463 30 0.473 25 0.503 7 0.691 32 0.746 17 0.787 29 0.802 5 0.870 22 0.936 14 0.945 4 0.974 26 1.040 47 1.073 48 1.075 33 1.104 46 1.156 3 1.182 28 1.186 45 1.326 8 1.412 18 1.424 21 1.469 13 1.511 34 1.516 44 1.566 27 1.577 43 1.869 35 1.965 9 1.969 20 2.013 12 2.160 2 2.192 42 2.221 36 2.437 19 2.532 41 2.618 11 2.780 10 2.791 37 2.907 1 3.027 40 3.027 39 3.440 38 3.842 0 4.174 
25
48 15 0.249 7 0.334 6 0.460 24 0.503 26 0.536 14 0.588 4 0.613 29 0.620 16 0.625 30 0.627 31 0.820 3 0.825 23 0.950 28 0.970 13 1.007 8 1.056 27 1.073 32 1.126 17 1.144 5 1.227 22 1.302 47 1.430 48 1.432 46 1.513 33 1.514 9 1.612 12 1.657 45 1.683 18 1.781 21 1.825 2 1.835 34 1.873 44 1.923 43 2.226 11 2.277 10 2.288 35 2.322 20 2.370 1 2.523 42 2.578 36 2.794 19 2.889 41 2.974 37 3.264 40 3.384 0 3.671 39 3.797 38 4.199 
26
48 7 0.447 14 0.452 4 0.511 25 0.536 27 0.537 3 0.585 15 0.721 13 0.725 6 0.764 29 0.772 28 0.780 8 0.816 30 0.867 24 1.040 12 1.120 16 1.162 31 1.230 9 1.372 17 1.448 5 1.466 23 1.486 2 1.596 32 1.663 47 1.670 48 1.671 11 1.740 10 1.751 46 1.752 22 1.838 45 1.989 18 2.021 33 2.050 21 2.085 1 2.256 44 2.356 34 2.368 35 2.605 20 2.609 43 2.676 42 2.935 36 3.033 19 3.129 0 3.134 41 3.214 37 3.504 40 3.624 39 4.036 38 4.438 
27
48 26 0.537 13 0.609 4 0.627 3 0.734 14 0.763 12 0.820 29 0.888 28 0.896 8 0.941 7 0.957 25 1.073 11 1.203 9 1.256 15 1.257 6 1.301 30 1.306 2 1.479 10 1.575 24 1.577 5 1.582 16 1.698 31 1.767 47 1.786 48 1.787 17 1.985 23 2.023 46 2.131 18 2.137 1 2.140 32 2.200 22 2.375 45 2.526 33 2.587 0 2.597 21 2.622 20 2.754 44 2.892 34 2.904 35 3.142 43 3.212 19 3.245 36 3.292 42 3.471 37 3.620 41 3.659 40 3.774 39 4.152 38 4.554 
28
48 4 0.358 29 0.450 26 0.780 27 0.896 6 0.910 30 0.915 48 0.920 25 0.970 5 0.980 7 1.162 14 1.167 24 1.186 15 1.220 16 1.307 47 1.328 3 1.366 31 1.376 13 1.505 17 1.594 8 1.596 23 1.632 18 1.715 12 1.716 46 1.740 11 1.747 32 1.809 22 1.984 45 2.135 9 2.153 33 2.196 21 2.231 20 2.363 19 2.371 2 2.376 10 2.471 44 2.501 34 2.513 35 2.751 43 2.822 36 2.902 37 2.957 1 3.036 42 3.081 0 3.179 41 3.268 40 3.383 39 3.418 38 3.658 
29
48 4 0.261 28 0.450 6 0.460 30 0.465 25 0.620 5 0.694 26 0.772 24 0.802 16 0.858 7 0.867 15 0.869 27 0.888 47 0.897 48 0.899 31 0.926 14 1.121 17 1.145 23 1.182 18 1.265 46 1.291 3 1.357 32 1.359 13 1.497 22 1.534 8 1.588 45 1.686 12 1.708 33 1.747 21 1.781 20 1.913 11 2.044 44 2.052 34 2.064 9 2.145 35 2.301 19 2.357 2 2.368 43 2.372 36 2.452 10 2.463 42 2.631 37 2.731 41 2.818 40 2.934 1 3.028 39 3.264 0 3.438 38 3.666 
30
48 6 0.167 31 0.461 29 0.465 16 0.471 24 0.473 5 0.599 25 0.627 17 0.679 4 0.703 15 0.714 23 0.717 47 0.803 48 0.804 26 0.867 46 0.885 32 0.894 28 0.915 7 0.962 22 1.069 18 1.154 14 1.216 45 1.220 33 1.281 27 1.306 21 1.316 3 1.452 44 1.586 13 1.592 34 1.599 8 1.683 20 1.742 35 1.836 12 1.890 43 1.907 42 2.166 36 2.166 9 2.239 19 2.262 41 2.353 2 2.462 11 2.509 10 2.558 37 2.637 40 2.757 1 3.123 39 3.169 38 3.571 0 3.903 
31
48 23 0.286 16 0.313 17 0.324 32 0.433 30 0.461 24 0.463 6 0.465 22 0.608 47 0.610 5 0.649 46 0.693 25 0.820 33 0.821 48 0.823 45 0.863 15 0.906 29 0.926 18 0.961 21 1.005 44 1.126 34 1.138 7 1.154 4 1.163 26 1.230 28 1.376 14 1.408 43 1.446 35 1.502 20 1.549 3 1.645 42 1.758 27 1.767 13 1.785 8 1.876 36 1.974 19 2.069 41 2.154 12 2.350 9 2.432 37 2.444 40 2.564 2 2.655 11 2.970 39 2.977 10 2.981 1 3.315 38 3.379 0 4.364 
32
48 22 0.190 17 0.254 23 0.305 33 0.388 46 0.410 31 0.433 45 0.580 16 0.596 18 0.678 47 0.703 21 0.722 24 0.746 34 0.770 44 0.820 30 0.894 5 0.895 6 0.898 48 1.069 43 1.123 25 1.126 15 1.189 35 1.219 20 1.267 29 1.359 7 1.437 42 1.475 4 1.596 26 1.663 36 1.691 14 1.691 19 1.786 28 1.809 41 1.871 3 1.928 13 2.133 8 2.159 37 2.161 27 2.200 40 2.281 39 2.694 9 2.715 12 2.783 2 2.938 38 3.096 11 3.403 10 3.414 1 3.650 0 4.797 
33
48 22 0.212 45 0.222 21 0.365 32 0.388 34 0.412 44 0.462 46 0.536 17 0.602 23 0.662 18 0.725 43 0.765 31 0.821 35 0.861 47 0.891 20 0.909 16 0.954 24 1.104 42 1.117 5 1.217 48 1.276 30 1.281 6 1.286 36 1.333 19 1.428 41 1.514 25 1.514 15 1.547 29 1.747 7 1.795 37 1.803 40 1.923 4 1.984 14 2.049 26 2.050 28 2.196 3 2.286 39 2.336 8 2.516 13 2.521 27 2.587 38 2.738 9 3.073 12 3.171 2 3.296 11 3.791 10 3.802 1 4.037 0 5.185 
34
48 44 0.051 21 0.311 43 0.353 45 0.378 33 0.412 35 0.449 20 0.497 22 0.580 42 0.706 32 0.770 46 0.773 18 0.842 17 0.919 36 0.921 19 1.017 23 1.074 41 1.102 31 1.138 47 1.185 16 1.366 37 1.392 40 1.511 24 1.516 5 1.534 48 1.594 30 1.599 6 1.603 25 1.873 39 1.924 15 1.959 29 2.064 7 2.207 4 2.301 38 2.326 26 2.368 14 2.461 28 2.513 3 2.697 13 2.838 27 2.904 8 2.928 9 3.485 12 3.488 2 3.708 11 4.108 10 4.119 1 4.368 0 5.502 
35
48 43 0.155 42 0.330 44 0.398 34 0.449 36 0.472 20 0.505 21 0.520 45 0.639 41 0.653 19 0.729 33 0.861 37 0.942 46 1.011 22 1.029 18 1.037 40 1.062 17 1.178 32 1.219 47 1.423 39 1.475 31 1.502 23 1.523 5 1.772 16 1.815 48 1.831 30 1.836 6 1.862 38 1.877 24 1.965 29 2.301 25 2.322 15 2.408 4 2.539 26 2.605 7 2.656 28 2.751 14 2.910 27 3.142 3 3.147 13 3.286 8 3.377 12 3.726 9 3.934 2 4.157 11 4.345 10 4.357 1 4.817 0 5.739 
36
48 42 0.363 41 0.465 37 0.470 35 0.472 20 0.539 43 0.568 40 0.610 19 0.697 44 0.870 34 0.921 21 0.968 39 1.003 45 1.110 18 1.187 46 1.281 33 1.333 38 1.405 22 1.501 47 1.573 17 1.650 32 1.691 5 1.922 31 1.974 48 1.982 23 1.995 30 2.166 16 2.287 6 2.333 24 2.437 29 2.452 4 2.689 25 2.794 15 2.880 28 2.902 26 3.033 7 3.128 27 3.292 14 3.382 3 3.618 13 3.758 8 3.849 12 3.969 9 4.406 11 4.496 2 4.629 10 4.724 1 5.289 0 5.890 
37
48 36 0.470 41 0.571 19 0.591 40 0.607 39 0.644 42 0.686 20 0.895 35 0.942 38 0.981 43 1.038 44 1.341 34 1.392 21 1.439 18 1.483 45 1.581 46 1.751 33 1.803 47 1.834 22 1.971 48 2.037 5 2.037 17 2.120 32 2.161 31 2.444 23 2.466 30 2.637 29 2.731 16 2.757 6 2.804 24 2.907 28 2.957 4 2.993 25 3.264 15 3.350 26 3.504 7 3.598 27 3.620 14 3.852 3 4.089 13 4.229 8 4.320 12 4.439 11 4.551 9 4.876 2 5.099 10 5.195 1 5.759 0 5.945 
38
48 39 0.402 40 0.815 37 0.981 41 1.224 19 1.361 36 1.405 42 1.621 20 1.829 35 1.877 43 1.973 44 2.275 34 2.326 21 2.373 18 2.417 45 2.516 46 2.686 33 2.738 48 2.767 47 2.769 22 2.906 5 2.972 17 3.055 32 3.096 31 3.379 23 3.400 30 3.571 28 3.658 29 3.666 16 3.692 6 3.739 24 3.842 4 3.927 25 4.199 15 4.285 26 4.438 7 4.533 27 4.554 14 4.787 3 5.024 13 5.163 8 5.254 12 5.374 11 5.405 9 5.811 2 6.034 10 6.129 1 6.694 0 6.837 
39
48 38 0.402 40 0.413 37 0.644 41 0.822 36 1.003 19 1.163 42 1.219 20 1.427 35 1.475 43 1.571 44 1.873 34 1.924 21 1.971 18 2.015 45 2.114 46 2.284 33 2.336 47 2.367 48 2.498 22 2.504 5 2.570 17 2.653 32 2.694 31 2.977 23 2.998 30 3.169 29 3.264 16 3.290 6 3.337 28 3.418 24 3.440 4 3.525 25 3.797 15 3.883 26 4.036 7 4.131 27 4.152 14 4.385 3 4.622 13 4.761 8 4.852 12 4.972 11 5.013 9 5.409 2 5.632 10 5.727 1 6.292 0 6.435 
40
48 41 0.410 39 0.413 37 0.607 36 0.610 42 0.806 38 0.815 20 1.020 35 1.062 43 1.158 19 1.198 44 1.461 34 1.511 21 1.559 18 1.669 45 1.701 46 1.871 33 1.923 47 2.055 22 2.091 17 2.240 32 2.281 5 2.404 48 2.463 31 2.564 23 2.586 30 2.757 16 2.877 6 2.924 29 2.934 24 3.027 4 3.171 28 3.383 25 3.384 15 3.470 26 3.624 7 3.718 27 3.774 14 3.972 3 4.209 13 4.348 8 4.440 12 4.559 11 4.978 9 4.996 2 5.219 10 5.315 1 5.879 0 6.372 
41
48 42 0.396 40 0.410 36 0.465 37 0.571 35 0.653 43 0.749 39 0.822 20 0.938 44 1.051 34 1.102 21 1.149 19 1.161 38 1.224 45 1.291 33 1.514 46 1.527 18 1.553 22 1.682 17 1.831 32 1.871 47 1.939 31 2.154 23 2.176 5 2.288 48 2.348 30 2.353 16 2.468 6 2.514 24 2.618 29 2.818 25 2.974 4 3.056 15 3.061 26 3.214 28 3.268 7 3.309 14 3.563 27 3.659 3 3.799 13 3.939 8 4.030 12 4.242 9 4.586 2 4.810 11 4.862 10 4.905 1 5.470 0 6.256 
42
48 35 0.330 43 0.352 36 0.363 41 0.396 44 0.655 37 0.686 34 0.706 40 0.806 20 0.836 21 0.849 45 0.945 19 1.059 33 1.117 39 1.219 22 1.285 46 1.340 18 1.366 32 1.475 17 1.486 38 1.621 47 1.752 31 1.758 23 1.780 16 2.071 5 2.101 48 2.161 30 2.166 6 2.170 24 2.221 25 2.578 29 2.631 15 2.664 4 2.868 7 2.912 26 2.935 28 3.081 14 3.166 3 3.403 27 3.471 13 3.542 8 3.634 12 4.055 9 4.190 2 4.413 11 4.675 10 4.686 1 5.073 0 6.069 
43
48 35 0.155 44 0.320 42 0.352 34 0.353 36 0.568 21 0.591 20 0.660 45 0.686 41 0.749 33 0.765 19 0.884 22 0.933 37 1.038 46 1.081 18 1.107 32 1.123 40 1.158 17 1.227 23 1.427 31 1.446 47 1.493 39 1.571 16 1.719 5 1.842 24 1.869 48 1.902 30 1.907 6 1.911 38 1.973 25 2.226 15 2.312 29 2.372 7 2.560 4 2.609 26 2.676 14 2.814 28 2.822 3 3.050 13 3.190 27 3.212 8 3.281 12 3.796 9 3.838 2 4.061 11 4.416 10 4.427 1 4.721 0 5.810 
44
48 34 0.051 21 0.272 43 0.320 45 0.366 35 0.398 20 0.446 33 0.462 22 0.630 42 0.655 46 0.761 18 0.802 32 0.820 36 0.870 17 0.907 19 0.966 41 1.051 23 1.125 31 1.126 47 1.173 37 1.341 16 1.417 40 1.461 5 1.522 24 1.566 48 1.581 30 1.586 6 1.591 39 1.873 25 1.923 15 2.010 29 2.052 7 2.258 38 2.275 4 2.289 26 2.356 28 2.501 14 2.512 3 2.748 13 2.888 27 2.892 8 2.979 12 3.476 9 3.535 2 3.758 11 4.096 10 4.107 1 4.419 0 5.490 
45
48 21 0.142 33 0.222 44 0.366 34 0.378 22 0.390 46 0.395 18 0.514 17 0.541 32 0.580 35 0.639 43 0.686 20 0.686 47 0.807 31 0.863 23 0.885 42 0.945 36 1.110 5 1.156 16 1.176 19 1.206 48 1.215 30 1.220 6 1.225 41 1.291 24 1.326 37 1.581 25 1.683 29 1.686 40 1.701 15 1.769 4 1.923 26 1.989 7 2.017 39 2.114 28 2.135 14 2.271 3 2.508 38 2.516 27 2.526 13 2.648 8 2.739 12 3.110 9 3.295 2 3.518 11 3.730 10 3.741 1 4.178 0 5.124 
46
48 18 0.269 17 0.369 45 0.395 22 0.409 32 0.410 47 0.412 21 0.491 33 0.536 31 0.693 23 0.714 5 0.761 44 0.761 34 0.773 48 0.821 20 0.857 30 0.885 16 1.006 35 1.011 6 1.052 43 1.081 24 1.156 36 1.281 29 1.291 42 1.340 19 1.377 25 1.513 41 1.527 4 1.528 15 1.599 28 1.740 37 1.751 26 1.752 7 1.847 40 1.871 14 2.101 27 2.131 39 2.284 3 2.337 13 2.477 8 2.568 38 2.686 12 2.715 9 3.125 11 3.335 2 3.348 10 3.443 1 4.008 0 4.729 
47
48 5 0.349 18 0.386 48 0.408 46 0.412 17 0.449 31 0.610 32 0.703 23 0.743 22 0.764 30 0.803 45 0.807 33 0.891 29 0.897 21 0.903 16 0.923 6 0.970 20 1.035 24 1.073 4 1.158 44 1.173 34 1.185 28 1.328 35 1.423 25 1.430 19 1.459 43 1.493 15 1.516 36 1.573 26 1.670 42 1.752 7 1.764 27 1.786 37 1.834 41 1.939 14 2.018 40 2.055 3 2.255 39 2.367 13 2.394 8 2.485 12 2.605 38 2.769 11 2.922 9 3.042 2 3.265 10 3.361 1 3.925 0 4.316 
48
48 5 0.205 47 0.408 18 0.795 30 0.804 17 0.815 46 0.821 31 0.823 29 0.899 28 0.920 6 0.971 16 0.999 32 1.069 24 1.075 23 1.109 22 1.130 4 1.160 45 1.215 33 1.276 21 1.311 25 1.432 20 1.443 19 1.458 15 1.518 44 1.581 34 1.594 26 1.671 7 1.766 27 1.787 35 1.831 43 1.902 36 1.982 14 2.020 37 2.037 42 2.161 3 2.256 41 2.348 13 2.396 40 2.463 8 2.487 39 2.498 12 2.607 11 2.638 38 2.767 9 3.044 2 3.267 10 3.362 1 3.927 0 4.070 
